INDEXVAL,Y_COORD,X_COORD,FBP,FUELPERC,FUELWEIGHT
1,49.37965,-95.0437,C2,14.8043,59.4506989
2,49.54404,-95.07353,O1,7.1658,33.5728989
3,49.72382,-95.08118,M1,8.2658,89.7929993
4,49.90358,-95.08891,M1,22.7873,124.1855011
5,50.08335,-95.09672,M1,31.3788,103.4648972
6,50.2631,-95.1046,M1,13.1385,87.5625
7,50.44285,-95.11256,C3,23.233,155.0261993
8,50.62259,-95.12061,C3,22.8687,181.0843964
9,50.80233,-95.12874,C4,19.2175,178.118103
10,50.98206,-95.13695,C1,49.4213,219.633194
11,51.16178,-95.14525,C1,25.6613,176.4748993
12,51.34281,-95.0819,C1,28.2455,174.7734985
13,51.52253,-95.09009,C1,54.607,230.1490021
14,51.70224,-95.09836,C1,43.5805,209.9309998
15,51.88195,-95.10672,C4,19.392,148.7960052
16,52.06164,-95.11517,C1,30.8035,173.3634949
17,52.24134,-95.12371,C4,28.6175,197.0529938
18,52.42102,-95.13233,C4,31.2485,179.003006
19,52.6007,-95.14105,C4,25.268,162.0424957
20,52.78037,-95.14986,D1,26.812,173.8179932
21,52.91508,-95.15653,C1,25.602,97.8529968
22,48.83044,-94.70325,O1,0.7285,18.3470001
23,49.01027,-94.70938,O1,0.019,3.9335001
24,49.18904,-94.78415,M1,10.4583,27.4125004
25,49.36886,-94.79065,M1,15.2065,27.7884007
26,49.54867,-94.79722,M1,10.9075,44.2498016
27,49.72847,-94.80385,M1,25.1478,77.9653015
28,49.90827,-94.81055,M1,26.3197,120.0554962
29,50.08806,-94.81731,M1,44.3515,93.9996033
30,50.26784,-94.82415,M1,13.0338,104.1511993
31,50.44762,-94.83105,C4,15.5082,152.158493
32,50.62739,-94.83803,C3,28.0433,198.2677002
33,50.80716,-94.84508,C4,25.0708,208.4508972
34,50.98692,-94.8522,C1,31.928,189.3614044
35,51.16667,-94.85939,C1,38.7725,203.2485962
36,51.34642,-94.86666,M1,21.8178,138.7332001
37,51.52616,-94.874,C1,44.894,200.4165039
38,51.70589,-94.88142,C1,32.662,180.2248993
39,51.88562,-94.88892,C4,38.088,172.5908051
40,52.06534,-94.89649,C1,25.198,172.4929962
41,52.24506,-94.90415,C1,28.6902,185.9750061
42,52.42477,-94.91188,C4,29.1167,174.8806
43,52.60447,-94.9197,C1,29.2523,184.8072968
44,52.78417,-94.9276,C4,22.044,178.858902
45,52.96386,-94.93559,C1,35.6402,186.1195068
46,48.69832,-94.49492,O1,1.526,24.4424992
47,48.83325,-94.49894,C2,21.9102,122.4961014
48,49.01311,-94.50433,M1,16.3517,40.7212982
49,49.19295,-94.50978,M1,25.8285,53.3717995
50,49.37279,-94.51528,C3,24.0583,88.4358978
51,49.55263,-94.52083,M1,8.5945,18.7707005
52,49.73246,-94.52645,M1,7.2852,27.7075005
53,49.91228,-94.53212,M1,15.344,59.2790985
54,50.0921,-94.53784,M1,23.4052,108.6069031
55,50.27191,-94.54363,C1,30.7515,162.5162964
56,50.45171,-94.54947,M1,24.6735,170.9120941
57,50.63151,-94.55538,C2,13.793,179.2751007
58,50.8113,-94.56134,C2,35.3925,222.1968994
59,50.99109,-94.56737,C4,24.2922,196.5330048
60,51.17087,-94.57346,C2,18.6393,188.7503052
61,51.35064,-94.57961,C1,33.2398,169.3598022
62,51.53041,-94.58582,C4,24.9598,194.9154968
63,51.71017,-94.5921,C1,31.0863,168.491806
64,51.88993,-94.59845,D1,30.04,149.6575012
65,52.06968,-94.60486,D1,27.8612,142.3605957
66,52.24942,-94.61134,C1,35.2623,192.2319946
67,52.42916,-94.61789,C4,28.8075,166.9868927
68,52.60889,-94.6245,C4,26.7758,176.5494995
69,52.78862,-94.63119,C1,23.088,193.4633026
70,52.96833,-94.63795,O1,22.7598,120.9078979
71,53.13341,-94.61924,C1,33.5642,210.0897064
72,48.65659,-94.2221,M1,11.3335,31.9477005
73,48.83647,-94.22647,C2,31.2293,153.6056976
74,49.01635,-94.23089,M1,34.5993,118.188797
75,49.19622,-94.23535,M1,23.144,42.4788017
76,49.37608,-94.23985,C3,10.61,46.979599
77,49.55593,-94.2444,C3,14.2958,112.6613007
78,49.73578,-94.24899,C3,18.4638,102.0356979
79,49.91563,-94.25363,M1,22.3318,120.8480988
80,50.09546,-94.25832,C3,23.0177,108.3346024
81,50.2753,-94.26305,C3,18.2065,129.2227936
82,50.45512,-94.26783,C1,43.586,197.5061951
83,50.63494,-94.27266,C1,43.001,217.9924011
84,50.81476,-94.27754,C4,22.5165,190.746994
85,50.99456,-94.28248,C4,15.3437,168.2528992
86,51.17437,-94.28746,C4,27.6062,199.9402008
87,51.35416,-94.29249,C1,36.2818,214.5193024
88,51.53395,-94.29758,C1,34.5973,170.7987061
89,51.71374,-94.30272,M1,26.9107,168.2519073
90,51.89352,-94.30791,M1,27.7188,148.8639069
91,52.07329,-94.31316,D1,31.8058,148.6932983
92,52.25306,-94.31846,C1,26.8685,185.0048981
93,52.43282,-94.32382,C4,22.9268,176.9261017
94,52.61257,-94.32923,C1,32.6855,191.4562073
95,52.79232,-94.33471,C4,47.4275,243.1036987
96,52.97206,-94.34024,C1,48.4492,214.8381958
97,53.1518,-94.34583,C1,43.9925,249.3462982
98,53.31684,-94.32593,C1,53.8127,277.0806885
99,48.52475,-93.88033,O1,0,0
100,48.65916,-93.95057,M1,17.438,59.8415985
101,48.83905,-93.95397,M1,37.142,127.4960022
102,49.01894,-93.9574,M1,32.751,109.8333969
103,49.19882,-93.96087,M1,16.2183,55.1236992
104,49.3787,-93.96437,M1,5.048,42.8908005
105,49.55858,-93.96791,C3,29.2965,147.2984924
106,49.73844,-93.97148,C4,33.9488,173.8359985
107,49.9183,-93.97509,M1,29.9625,131.7453003
108,50.09816,-93.97874,C4,13.2435,104.3226013
109,50.27801,-93.98242,C3,10.52,65.8692017
110,50.45785,-93.98614,C3,34.591,171.1820068
111,50.63769,-93.9899,C1,35.5125,195.7142944
112,50.81752,-93.9937,C4,35.838,215.5494995
113,50.99734,-93.99753,C3,16.8345,135.1970062
114,51.17716,-94.00141,C3,27.6145,208.5574951
115,51.35698,-94.00533,C2,34.494,225.5426025
116,51.53679,-94.00928,C2,21.6623,187.0339966
117,51.71659,-94.01328,M1,28.92,129.4207001
118,51.89639,-94.01732,M1,31.9425,151.1271973
119,52.07618,-94.0214,C4,17.0745,189.4176941
120,52.25596,-94.02553,C4,32.093,220.1654053
121,52.43574,-94.0297,C4,21.2235,154.1260071
122,52.61552,-94.03391,C1,30.2045,152.4929962
123,52.79529,-94.03817,C1,36.2753,205.752594
124,52.97505,-94.04247,C1,44.3705,222.2920074
125,53.15481,-94.04682,C1,63.793,268.4719849
126,53.33456,-94.05122,C1,46.7608,263.6582031
127,53.49954,-94.0301,C1,49.7593,266.8580017
128,48.5261,-93.6772,M1,12.3245,47.0335007
129,48.66108,-93.679,M1,30.4098,92.9996033
130,48.84098,-93.68143,M1,44.7608,113.5065994
131,49.02089,-93.68388,M1,24.141,94.9205017
132,49.20078,-93.68636,C3,12.0592,80.3616028
133,49.38067,-93.68886,M1,28.2715,95.3957977
134,49.56056,-93.69139,C3,29.0307,158.3612061
135,49.74044,-93.69394,C3,30.052,159.4082031
136,49.92031,-93.69652,M1,19.2353,113.3214035
137,50.10018,-93.69913,C4,19.821,135.5675049
138,50.28004,-93.70176,C3,25.8338,167.3000946
139,50.4599,-93.70441,C1,14.2967,92.1669006
140,50.63975,-93.7071,C1,26.8975,201.6994934
141,50.81959,-93.70981,C4,26.0405,197.6508942
142,50.99943,-93.71255,C2,11.9098,106.9804001
143,51.17926,-93.71532,C2,27.5253,191.0774994
144,51.35909,-93.71812,C2,44.6972,230.6573029
145,51.53891,-93.72095,C2,41.8612,218.4020996
146,51.71873,-93.7238,C2,32.1908,180.5480957
147,51.89854,-93.72669,O1,30.9415,131.8426971
148,52.07835,-93.7296,C4,22.5243,202.7637024
149,52.25815,-93.73255,C4,21.3495,176.9423065
150,52.43794,-93.73553,C4,19.579,184.0603943
151,52.61773,-93.73854,C1,34.7062,177.9192963
152,52.79751,-93.74158,C1,35.46,210.0305023
153,52.97729,-93.74465,C1,47.8383,229.2642059
154,53.15706,-93.74776,C1,53.857,248.5457001
155,53.33682,-93.7509,C1,36.875,243.4685974
156,53.51659,-93.75408,C1,53.8507,258.6730957
157,53.68152,-93.73171,C4,28.274,185.4371033
158,48.52714,-93.47405,M1,6.207,20.3460007
159,48.66236,-93.40741,M1,24.8227,58.8860016
160,48.84227,-93.40887,M1,27.6625,53.4203987
161,49.02218,-93.41034,M1,21.8553,66.6964035
162,49.20209,-93.41183,C3,13.794,87.1843033
163,49.38199,-93.41333,M1,27.8128,138.3804016
164,49.56188,-93.41484,C3,23.6708,144.0800018
165,49.74177,-93.41638,C3,20.6142,115.1827011
166,49.92165,-93.41792,C3,16.4285,97.046402
167,50.10152,-93.41949,C3,21.778,123.4980011
168,50.2814,-93.42106,C3,18.3483,164.9208984
169,50.46126,-93.42266,C1,17.2012,130.0661011
170,50.64112,-93.42427,C2,12.2953,95.0304031
171,50.82097,-93.4259,C2,11.6305,106.1877975
172,51.00082,-93.42754,C2,23.5628,217.2498016
173,51.18066,-93.4292,C2,20.461,148.427002
174,51.3605,-93.43088,C2,34.7995,239.486496
175,51.54033,-93.43258,C2,34.378,214.9821014
176,51.72016,-93.43429,C2,38.2693,212.1235046
177,51.89998,-93.43602,O1,33.4368,124.3052979
178,52.07979,-93.43777,C1,38.0935,255.489502
179,52.2596,-93.43954,C1,28.9183,206.1174011
180,52.4394,-93.44133,C4,30.557,183.2825012
181,52.6192,-93.44314,C4,21.784,203.3218994
182,52.79899,-93.44496,C2,37.5938,225.4958954
183,52.97878,-93.44681,C2,33.733,185.5467072
184,53.15856,-93.44867,C4,30.1872,181.0789948
185,53.33834,-93.45056,C4,26.7727,236.5850983
186,53.51811,-93.45246,C1,33.8305,174.4037018
187,53.69787,-93.45439,C1,37.2592,166.804306
188,53.86274,-93.43076,C1,32.603,197.6954956
189,54.01269,-93.38151,O1,49.376,92.5360031
190,48.663,-93.13581,M1,23.5523,31.5711994
191,48.84292,-93.13629,M1,28.2205,86.0759964
192,49.02283,-93.13678,C4,8.6645,88.1377029
193,49.20274,-93.13728,C2,11.2608,97.9593964
194,49.38264,-93.13778,C3,21.9975,110.4816971
195,49.56254,-93.13828,C2,6.42,56.4754982
196,49.74243,-93.13879,C3,6.2218,59.3595009
197,49.92232,-93.13931,C3,19.981,125.8832016
198,50.1022,-93.13983,C3,25.9583,153.6345978
199,50.28207,-93.14036,C3,12.7413,86.9807968
200,50.46194,-93.14089,C2,17.9133,113.6288986
201,50.64181,-93.14143,C2,17.996,127.2650986
202,50.82166,-93.14197,C2,29.0695,208.0196991
203,51.00152,-93.14252,C2,26.798,195.0688934
204,51.18136,-93.14307,C2,19.6853,144.9411926
205,51.3612,-93.14363,C2,32.7233,222.0973053
206,51.54104,-93.1442,C2,33.2118,242.2247009
207,51.72087,-93.14477,C2,41.5253,229.2920074
208,51.90069,-93.14534,O1,30.3572,151.070694
209,52.08051,-93.14593,O1,33.5503,142.1685028
210,52.26033,-93.14652,C1,44.0435,257.134491
211,52.44014,-93.14711,C2,26.2863,213.6392059
212,52.61994,-93.14771,C2,33.961,225.1278076
213,52.79973,-93.14832,C2,30.689,236.8683014
214,52.97953,-93.14894,O1,13.7472,128.4279938
215,53.15931,-93.14956,C4,30.9655,262.0263062
216,53.33909,-93.15019,C1,42.8507,281.1326904
217,53.51887,-93.15082,C4,26.353,188.5690002
218,53.69864,-93.15146,C4,33.2065,223.4853058
219,53.8784,-93.15211,C1,33.7323,160.3701019
220,54.05816,-93.15277,O1,28.658,148.6835022
221,54.19303,-93.07663,C1,42.559,223.2859955
222,48.52794,-92.79683,O1,0,2.1140001
223,48.663,-92.86419,M1,26.7183,58.5343018
224,48.84292,-92.86371,M1,25.5525,85.6018982
225,49.02283,-92.86322,C3,21.0938,87.2897034
226,49.20274,-92.86272,C3,15.3935,108.231102
227,49.38264,-92.86222,C3,13.655,76.1499023
228,49.56254,-92.86172,C2,8.4965,79.4725037
229,49.74243,-92.86121,C3,8.3187,79.0860977
230,49.92232,-92.86069,C2,7.8615,98.6160965
231,50.1022,-92.86017,C3,31.8098,194.2359924
232,50.28207,-92.85964,C3,14.2675,114.0671997
233,50.46194,-92.85911,C2,12.7342,76.1433029
234,50.64181,-92.85857,C3,27.2318,210.8377991
235,50.82166,-92.85803,C2,33.11,220.6741943
236,51.00152,-92.85748,C2,30.1997,219.3114014
237,51.18136,-92.85693,C2,24.7005,183.6313019
238,51.3612,-92.85637,C2,26.6163,239.9273987
239,51.54104,-92.8558,C1,28.1245,203.5077057
240,51.72087,-92.85523,C2,38.6435,204.4998016
241,51.90069,-92.85466,C2,38.7717,224.5821075
242,52.08051,-92.85407,C4,27.227,180.5794067
243,52.26033,-92.85348,C4,23.728,218.0814056
244,52.44014,-92.85289,C4,23.1598,203.0549927
245,52.61994,-92.85229,C4,31.111,231.9703064
246,52.79973,-92.85168,C1,36.2725,231.9219971
247,52.97953,-92.85106,C1,24.3048,158.852005
248,53.15931,-92.85044,C1,44.206,271.5696106
249,53.33909,-92.84981,C1,51.5958,248.9969025
250,53.51887,-92.84918,O1,24.4598,170.2239075
251,53.69864,-92.84854,C1,41.799,231.9255066
252,53.8784,-92.84789,C1,41.8137,197.1562042
253,54.05816,-92.84723,C1,42.4837,220.7978973
254,54.23791,-92.84657,C1,51.8423,225.8459015
255,54.37258,-92.7691,C1,49.399,232.3540039
256,48.34721,-92.52762,O1,0,1.751
257,48.48244,-92.59403,M1,24.17,44.344799
258,48.66236,-92.59259,M1,28.873,84.9384003
259,48.84227,-92.59113,C3,18.2518,124.6032028
260,49.02218,-92.58966,C3,38.3705,169.690094
261,49.20209,-92.58817,C3,20.8023,96.7983017
262,49.38199,-92.58667,C3,18.0188,102.2963028
263,49.56188,-92.58516,C2,14.591,81.4781036
264,49.74177,-92.58362,C3,14.2327,98.7850037
265,49.92165,-92.58208,C2,18.3257,166.2393951
266,50.10152,-92.58051,C3,31.5928,180.4429016
267,50.2814,-92.57894,C2,8.1175,67.5795975
268,50.46126,-92.57734,C2,22.9195,205.5729065
269,50.64112,-92.57573,C3,35.2405,245.7098999
270,50.82097,-92.5741,C2,22.498,219.7402039
271,51.00082,-92.57246,C2,29.4135,200.8298035
272,51.18066,-92.5708,C2,31.6218,180.258194
273,51.3605,-92.56912,C2,25.7287,165.2938995
274,51.54033,-92.56742,C2,39.1435,228.4985962
275,51.72016,-92.56571,C2,35.7933,234.0032959
276,51.89998,-92.56398,C2,29.189,234.0572968
277,52.07979,-92.56223,C2,28.8077,229.451004
278,52.2596,-92.56046,C2,33.0693,171.001297
279,52.4394,-92.55867,C4,25.7638,186.3238983
280,52.6192,-92.55686,C4,47.9228,234.978302
281,52.79899,-92.55504,C1,41.2522,251.1585999
282,52.97878,-92.55319,C1,48.295,246.1282959
283,53.15856,-92.55133,C1,42.338,206.7050934
284,53.33834,-92.54944,C1,50.8383,276.3753967
285,53.51811,-92.54754,C1,45.181,249.4304962
286,53.69787,-92.54561,C2,26.1213,230.9981995
287,53.87763,-92.54367,C1,32.3725,246.3887024
288,54.05738,-92.5417,O1,32.306,157.7353058
289,54.23713,-92.53971,C1,39.4232,226.0583954
290,54.41688,-92.5377,O1,13.598,123.2842026
291,54.58153,-92.50997,C1,17.1097,109.5280991
292,48.30124,-92.32578,M1,23.9687,45.737999
293,48.48116,-92.3234,M1,26.791,95.5161972
294,48.66108,-92.321,M1,21.234,106.9946976
295,48.84098,-92.31857,C2,14.0673,119.1316986
296,49.02089,-92.31612,C3,16.8175,103.5345993
297,49.20078,-92.31364,C3,30.7655,194.8739014
298,49.38067,-92.31114,C2,8.7272,83.413002
299,49.56056,-92.30861,C3,26.4838,154.9073029
300,49.74044,-92.30606,C3,18.6695,143.7223969
301,49.92031,-92.30348,C2,17.6732,106.9011002
302,50.10018,-92.30087,C2,14.9907,120.0792999
303,50.28004,-92.29824,C2,17.119,97.0278015
304,50.4599,-92.29559,C2,25.5938,195.5863953
305,50.63975,-92.2929,C3,33.5065,245.0803986
306,50.81959,-92.29019,C2,42.1213,244.7953949
307,50.99943,-92.28745,C3,45.571,225.2471008
308,51.17926,-92.28468,C2,38.2848,226.343399
309,51.35909,-92.28188,C2,28.1455,153.2093964
310,51.53891,-92.27905,C2,25.2772,196.2451935
311,51.71873,-92.2762,C1,25.1013,219.3672943
312,51.89854,-92.27331,C4,30.6127,226.8668976
313,52.07835,-92.2704,C4,33.6857,231.1580963
314,52.25815,-92.26745,C2,47.9578,263.4884949
315,52.43794,-92.26447,C2,38.8997,224.9196014
316,52.61773,-92.26146,C2,31.5095,235.0269012
317,52.79751,-92.25842,C1,29.3405,230.2640991
318,52.97729,-92.25535,C1,45.7738,268.1159058
319,53.15706,-92.25224,C1,46.156,244.8471069
320,53.33682,-92.2491,C1,49.8863,220.7501984
321,53.51659,-92.24592,C1,51.1588,215.6537018
322,53.69634,-92.24271,C1,37.585,227.7888947
323,53.87609,-92.23947,O1,22.3328,131.190094
324,54.05583,-92.23619,O1,59.9425,69.4274979
325,54.23557,-92.23288,C1,35.1268,182.5968933
326,54.4153,-92.22952,C2,31.9503,214.6656036
327,54.59503,-92.22613,C1,40.498,202.582901
328,54.7596,-92.19702,C1,51.059,232.9013977
329,48.31415,-92.03343,O1,0.4933,5.7993999
330,48.47925,-92.0528,D1,17.6238,45.6991005
331,48.65916,-92.04943,M1,18.655,82.7717972
332,48.83905,-92.04603,C3,26.6728,155.4389954
333,49.01894,-92.0426,C3,20.7233,101.6544037
334,49.19882,-92.03913,C3,23.6583,112.1950989
335,49.3787,-92.03563,C3,27.3655,159.7494965
336,49.55858,-92.03209,C3,21.9003,164.7225037
337,49.73844,-92.02852,C3,15.194,145.8121948
338,49.9183,-92.02491,C2,16.8495,119.0495987
339,50.09816,-92.02126,C2,26.1243,109.281601
340,50.27801,-92.01758,C2,31.4675,148.2369995
341,50.45785,-92.01386,M1,19.5135,104.8211975
342,50.63769,-92.0101,C2,31.3185,229.472702
343,50.81752,-92.0063,C2,53.763,255.3818054
344,50.99734,-92.00247,C3,55.4303,251.3739929
345,51.17716,-91.99859,C2,40.2253,224.6212006
346,51.35698,-91.99467,C2,36.037,173.7024994
347,51.53679,-91.99072,C2,38.2687,206.4064941
348,51.71659,-91.98672,C2,32.865,192.696701
349,51.89639,-91.98268,C4,17.1548,196.4584045
350,52.07618,-91.9786,C2,53.6467,246.4981995
351,52.25596,-91.97447,C2,52.8372,259.473114
352,52.43574,-91.9703,O1,31.937,160.8106995
353,52.61552,-91.96609,C4,36.0795,250.3730011
354,52.79529,-91.96183,C1,32.4742,204.4833069
355,52.97505,-91.95753,C1,33.457,171.6284027
356,53.15481,-91.95318,C1,56.3645,252.0473022
357,53.33456,-91.94878,C1,41.975,228.2758026
358,53.5143,-91.94434,C1,57.6132,232.3320007
359,53.69404,-91.93985,C2,35.2195,224.6737976
360,53.87378,-91.93531,C2,31.05,206.072403
361,54.0535,-91.93072,C1,42.0927,236.245697
362,54.23323,-91.92608,C4,26.828,225.8229065
363,54.41294,-91.92138,C1,45.0965,217.7454071
364,54.59266,-91.91664,C1,42.2188,216.3883057
365,54.77236,-91.91184,C1,48.7083,231.8968048
366,54.93685,-91.88131,C1,62.5167,263.3806152
367,55.08608,-91.825,C1,24.283,147.8930054
368,48.13167,-91.76806,O1,0.5313,8.9154997
369,48.29682,-91.78651,O1,6.5565,39.7316017
370,48.47671,-91.78222,O1,10.0755,63.4822006
371,48.65659,-91.7779,M1,11.9722,60.4737015
372,48.83647,-91.77353,C2,11.6043,79.4560013
373,49.01635,-91.76911,C3,25.2838,110.6044998
374,49.19622,-91.76465,C2,12.4425,108.1675034
375,49.37608,-91.76015,C2,13.6303,124.5604019
376,49.55593,-91.7556,C3,12.4965,95.3338013
377,49.73578,-91.75101,C1,22.2015,157.6719055
378,49.91563,-91.74637,C2,21.3145,172.8603058
379,50.09546,-91.74168,C2,24.0358,142.4176025
380,50.2753,-91.73695,C2,23.7113,187.9384003
381,50.45512,-91.73217,C2,20.02,194.262207
382,50.63494,-91.72734,C2,28.0838,199.9555054
383,50.81476,-91.72246,C2,50.0087,255.1454926
384,50.99456,-91.71752,C3,50.598,257.0815125
385,51.17437,-91.71254,C2,41.277,218.760498
386,51.35416,-91.70751,C2,42.438,213.4974976
387,51.53395,-91.70242,C2,39.9853,230.7631073
388,51.71374,-91.69728,C2,39.6148,232.9626007
389,51.89352,-91.69209,C1,43.4345,260.8586121
390,52.07329,-91.68684,C2,27.7,220.6580048
391,52.25306,-91.68154,C2,44.2023,241.9438934
392,52.43282,-91.67618,C2,37.132,209.5843964
393,52.61257,-91.67077,C2,24.1897,201.7612
394,52.79232,-91.66529,C1,36.686,235.3892975
395,52.97206,-91.65976,C1,36.6665,203.0090942
396,53.1518,-91.65417,C1,40.7057,228.1416016
397,53.33153,-91.64852,C1,35.565,209.0072937
398,53.51126,-91.64281,C1,38.4492,217.628006
399,53.69098,-91.63703,C2,34.091,211.9281006
400,53.87069,-91.63119,C1,37.8702,232.8506927
401,54.0504,-91.62529,C1,29.3672,221.4985046
402,54.2301,-91.61933,C1,44.141,229.2411041
403,54.4098,-91.6133,C1,39.7395,233.1528931
404,54.58949,-91.6072,C1,50.0973,211.1820984
405,54.76918,-91.60103,C1,62.3455,223.8464966
406,54.94885,-91.5948,C1,65.5927,270.1223145
407,55.12853,-91.5885,C1,56.3847,234.8964996
409,48.11378,-91.52211,O1,5.0855,29.1672001
410,48.29366,-91.51693,C4,19.0793,83.3197021
411,48.47353,-91.51169,C4,18.7008,82.6141968
412,48.65339,-91.5064,M1,13.4728,77.9228973
413,48.83325,-91.50106,M1,15.332,56.9424019
414,49.01311,-91.49567,C3,22.0108,122.2882004
415,49.19295,-91.49022,C3,25.6493,129.271698
416,49.37279,-91.48472,C3,19.351,158.5630035
417,49.55263,-91.47917,C3,22.4018,141.658905
418,49.73246,-91.47355,C2,12.9728,128.138504
419,49.91228,-91.46788,C2,23.1453,189.5106964
420,50.0921,-91.46216,C2,30.4575,187.3415985
421,50.27191,-91.45637,C2,32.966,195.0393982
422,50.45171,-91.45053,C3,32.3675,205.3399963
423,50.63151,-91.44462,C2,26.472,227.9645996
424,50.8113,-91.43866,C2,37.654,253.371994
425,50.99109,-91.43263,C2,30.0442,228.6743011
426,51.17087,-91.42654,C2,32.8563,171.0796051
427,51.35064,-91.42039,C2,46.1655,245.3289948
428,51.53041,-91.41418,C2,49.847,230.8912964
429,51.71017,-91.4079,C2,38.5655,225.944397
430,51.88993,-91.40155,C2,42.585,240.5686951
431,52.06968,-91.39514,C2,37.242,269.0585938
432,52.24942,-91.38866,C2,40.0968,253.1183014
433,52.42916,-91.38211,M1,26.945,213.1398926
434,52.60889,-91.3755,C2,27.8175,180.7039032
435,52.78862,-91.36881,C2,27.2235,196.0046997
436,52.96833,-91.36205,C1,29.3787,171.1757965
437,53.14805,-91.35522,C4,51.2355,246.3757019
438,53.32776,-91.34831,C2,35.7115,238.1053925
439,53.50746,-91.34133,C2,45.674,252.6725006
440,53.68715,-91.33428,C2,37.7705,232.1316986
441,53.86684,-91.32715,C4,30.6675,174.934906
442,54.04652,-91.31994,C4,31.1655,216.6316986
443,54.2262,-91.31265,C1,37.1118,219.8863068
444,54.40587,-91.30528,C1,41.978,211.2147064
445,54.58554,-91.29783,C1,39.6812,160.1369934
446,54.76519,-91.29029,C1,57.0535,226.0984955
447,54.94485,-91.28268,C1,64.6202,264.7836914
451,48.11001,-91.25353,O1,3.036,14.8660002
452,48.28987,-91.2474,C4,21.3263,92.705101
453,48.46971,-91.24121,C4,25.7773,134.0659027
454,48.64955,-91.23497,O1,3.6745,71.1287994
455,48.82939,-91.22866,C2,8.5015,64.9000015
456,49.00922,-91.22228,C2,14.4928,126.2167969
457,49.18904,-91.21585,C2,15.4725,130.2131958
458,49.36886,-91.20935,C3,20.9975,210.3045959
459,49.54867,-91.20278,C2,17.6555,158.5274963
460,49.72847,-91.19615,C2,14.6393,133.3150024
461,49.90827,-91.18945,C2,15.7225,101.9904022
462,50.08806,-91.18269,C4,16.9552,181.491806
463,50.26784,-91.17585,C2,20.2598,192.0316925
464,50.44762,-91.16895,C3,36.683,215.7353973
465,50.62739,-91.16197,C2,28.437,195.4586029
466,50.80716,-91.15492,C2,43.2203,216.9720001
467,50.98692,-91.1478,C2,19.9312,159.142807
468,51.16667,-91.14061,C2,45.9975,247.5812988
469,51.34642,-91.13334,C2,45.3855,231.7953949
470,51.52616,-91.126,C2,44.9317,250.721405
471,51.70589,-91.11858,C2,46.6902,241.1506958
472,51.88562,-91.11108,C2,36.868,222.6797943
473,52.06534,-91.10351,C2,37.9985,255.5944977
474,52.24506,-91.09585,C4,32.1865,246.929306
475,52.42477,-91.08812,C2,29.1105,249.2700043
476,52.60447,-91.0803,O1,24.4278,174.6591034
477,52.78417,-91.0724,C1,41.6767,217.2680969
478,52.96386,-91.06441,C4,25.776,215.7577972
479,53.14354,-91.05634,C4,41.2627,252.4860992
480,53.32322,-91.04818,C2,36.3548,244.3135986
481,53.50289,-91.03994,C2,35.6052,198.9447937
482,53.68256,-91.0316,C2,33.9365,216.594696
483,53.86222,-91.02317,C2,25.6155,181.3204956
484,54.04187,-91.01466,C4,36.093,232.5361938
485,54.22152,-91.00604,C4,37.6245,215.4718018
486,54.40116,-90.99734,C1,51.2712,186.8809052
487,54.58079,-90.98854,C1,66.7617,254.6837006
488,54.76042,-90.97964,C1,56.8093,252.7270966
489,54.94004,-90.97064,C1,59.6225,249.4082947
494,48.15171,-91.05042,O1,3.602,2.789
495,48.28544,-90.97793,C4,20.5888,100.4693985
496,48.46526,-90.9708,C4,9.9845,109.9460983
497,48.64507,-90.96359,C4,11.2468,125.5565033
498,48.82488,-90.95631,C2,12.613,96.4213028
499,49.00468,-90.94896,C2,16.869,114.8840027
500,49.18447,-90.94154,C2,21.459,182.2646942
501,49.36426,-90.93404,M1,18.5605,183.4586029
502,49.54404,-90.92647,C2,15.2615,177.5870056
503,49.72382,-90.91882,C2,10.4688,106.8243027
504,49.90358,-90.91109,C2,24.517,114.6914978
505,50.08335,-90.90328,C4,24.6955,193.6826019
506,50.2631,-90.8954,C2,25.441,202.6195984
507,50.44285,-90.88744,C2,36.9552,211.2958069
508,50.62259,-90.87939,C2,47.8952,218.4953003
509,50.80233,-90.87126,C2,42.5307,205.4263
510,50.98206,-90.86305,C2,29.5995,149.1139984
511,51.16178,-90.85475,C2,35.3253,231.2684937
512,51.34149,-90.84637,C2,42.3465,228.5108032
513,51.5212,-90.8379,C2,45.2695,252.5643005
514,51.7009,-90.82934,C2,52.5113,261.2253113
515,51.8806,-90.82069,O1,35.1955,144.0543976
516,52.06029,-90.81196,C1,29.974,234.5021057
517,52.23997,-90.80313,C1,33.3518,210.1656036
518,52.41965,-90.7942,C1,41.4158,246.694397
519,52.59932,-90.78518,C1,35.12,247.1728058
520,52.77898,-90.77607,C1,24.3818,130.0802002
521,52.95864,-90.76686,C4,31.451,193.6759033
522,53.13829,-90.75755,C4,37.2013,247.0686951
523,53.31793,-90.74814,C4,35.2267,224.4051971
524,53.49757,-90.73863,C4,40.9423,238.5552979
525,53.6772,-90.72901,C4,42.746,248.1575012
526,53.85682,-90.7193,C1,38.8518,188.6511993
527,54.03644,-90.70947,C1,37.3685,193.3603058
528,54.21605,-90.69954,C1,59.7508,231.0603943
529,54.39566,-90.6895,C1,71.573,245.5899963
530,54.57525,-90.67934,C1,68.2368,270.4056091
531,54.75484,-90.66908,C1,65.3605,251.341507
539,48.10059,-90.71654,M1,15.7098,50.1208
540,48.28039,-90.70853,C3,15.6155,81.2528992
541,48.46017,-90.70045,C2,9.6255,82.4890976
542,48.63996,-90.69228,C2,11.8835,118.563797
543,48.81973,-90.68404,C2,10.7798,73.7360001
544,48.9995,-90.67571,C2,18.83,137.3984985
545,49.17926,-90.6673,M1,23.4102,152.6605072
546,49.35901,-90.65881,M1,29.386,146.1112976
547,49.53876,-90.65022,C3,23.2327,180.756897
548,49.7185,-90.64156,M1,23.8245,173.9127045
549,49.89824,-90.6328,M1,30.1693,171.1309052
550,50.07796,-90.62396,M1,25.4182,126.1666031
551,50.25768,-90.61503,C2,23.76,190.7917938
552,50.4374,-90.60601,C2,31.3678,187.2702026
553,50.6171,-90.59689,C2,35.8735,215.8928986
554,50.7968,-90.58768,C2,29.305,206.2754059
555,50.9765,-90.57838,C2,37.7642,193.5805054
556,51.15618,-90.56898,C2,18.131,116.5177994
557,51.33586,-90.55948,C2,37.0005,234.6168976
558,51.51554,-90.54989,C2,49.2873,250.7008972
559,51.6952,-90.54019,C2,53.097,256.2843933
560,51.87486,-90.53039,C2,25.0055,208.414093
561,52.05452,-90.5205,C2,34.1872,228.269104
562,52.23416,-90.51049,C1,55.4215,274.1390076
563,52.4138,-90.50038,C1,53.7362,255.9125977
564,52.59343,-90.49017,C1,37.1728,235.3995056
565,52.77306,-90.47984,C1,32.2993,197.2266998
566,52.95268,-90.46941,C1,45.3285,240.6053925
567,53.13229,-90.45886,C1,40.171,229.7124023
568,53.31189,-90.4482,C1,57.4312,241.9662933
569,53.49149,-90.43742,C4,45.8535,255.094101
570,53.67108,-90.42653,C1,62.0938,255.320694
571,53.85066,-90.41552,C1,39.1887,155.4875031
572,54.03024,-90.40439,C1,48.9958,177.7462006
573,54.20981,-90.39314,C1,62.864,228.0164032
574,54.38937,-90.38176,C1,70.3368,249.6811981
575,54.56893,-90.37026,C1,60.3698,265.4150085
585,48.13984,-90.44594,M1,21.3875,40.9497986
586,48.2747,-90.43921,M1,30.7465,104.1199036
587,48.45445,-90.43018,C1,13.3223,113.6007004
588,48.6342,-90.42106,C2,9.2487,74.2303009
589,48.81394,-90.41185,C2,13.9438,64.7818985
590,48.99367,-90.40254,C2,29.6168,162.9649963
591,49.17339,-90.39315,O1,12.1583,140.322998
592,49.35311,-90.38366,M1,19.3843,139.4425964
593,49.53282,-90.37407,M1,20.7527,180.1246948
594,49.71252,-90.36439,C3,20.7787,179.3392944
595,49.89222,-90.35461,C1,25.816,193.0019073
596,50.07191,-90.34473,C2,24.3893,172.0812988
597,50.25159,-90.33475,C4,11.0933,175.0234985
598,50.43126,-90.32467,C2,25.951,182.0437012
599,50.61093,-90.31449,C2,40.4342,200.2581024
600,50.79059,-90.3042,C2,28.8878,200.1318054
601,50.97025,-90.2938,C2,29.0025,161.4002075
602,51.14989,-90.2833,C2,28.4353,156.3063965
603,51.32953,-90.27269,C2,36.722,217.2957001
604,51.50917,-90.26197,C2,35.6412,228.302597
605,51.68879,-90.25114,C2,36.5258,241.7770996
606,51.86841,-90.2402,C2,33.395,241.0827026
607,52.04802,-90.22914,C1,46.379,233.9125977
608,52.22763,-90.21796,C1,41.539,276.3008118
609,52.40722,-90.20667,C2,29.3235,256.1824036
610,52.58681,-90.19526,C2,42.3495,261.5368042
611,52.76639,-90.18372,C2,34.822,264.348114
612,52.94597,-90.17206,C1,41.686,268.9046936
613,53.12554,-90.16028,C1,38.9023,253.1416016
614,53.3047,-90.1496,C1,49.2278,233.5572052
615,53.48416,-90.14344,C1,66.8415,255.5126953
616,53.66383,-90.13768,C1,59.154,200.5879059
617,53.84349,-90.13186,C1,25.5455,93.3999023
618,54.02314,-90.12597,C1,63.7298,230.3352051
619,54.20279,-90.12001,C1,59.9753,209.591095
620,54.38242,-90.11399,C1,75.911,269.0523987
621,54.56204,-90.10791,C1,68.9415,270.9906006
631,48.13356,-90.17741,O1,0.012,33.3084984
632,48.26839,-90.16998,M1,34.9462,94.1578979
633,48.4481,-90.16,C2,12.3158,108.0394974
634,48.6278,-90.14993,C2,12.6998,102.1242981
635,48.80747,-90.13981,C2,17.8448,116.7577972
636,48.98667,-90.13301,C2,31.846,158.0323029
637,49.16647,-90.12806,C2,26.9915,178.574707
638,49.34625,-90.12307,M1,33.3208,150.5023041
639,49.52603,-90.11803,C2,25.5157,185.7073059
640,49.7058,-90.11293,C4,25.597,207.9496002
641,49.88556,-90.10779,C1,26.7367,197.5827942
642,50.06531,-90.10259,C2,21.1503,176.5036011
643,50.24504,-90.09734,C2,35.4303,221.4922943
644,50.42477,-90.09204,C2,40.8432,237.4225006
645,50.60448,-90.08668,C2,36.6433,232.0084076
646,50.78418,-90.08127,C2,34.608,214.2933044
647,50.96387,-90.07581,C2,51.618,216.8347015
648,51.14381,-90.07055,C2,41.4405,223.2429962
649,51.32317,-90.06471,C2,37.7955,232.9465027
650,51.50278,-90.05907,C2,41.7145,262.8965149
651,51.68235,-90.05338,C1,41.98,253.2194977
652,51.86187,-90.04762,C1,45.457,250.9329987
653,52.04133,-90.04181,C1,44.4775,218.0644989
654,52.22069,-90.03595,C2,41.714,276.4760132
655,52.39989,-90.03002,C4,26.942,247.7785034
656,52.57881,-90.02404,C2,46.8905,273.4454956
657,52.75719,-90.01802,C2,48.5675,251.1629944
658,52.93413,-90.01199,C2,41.98,275.5859985
659,53.10479,-90.0061,C2,43.2075,252.8179932
660,53.23439,-90.0016,C4,40.462,243.4530029
661,48.0813,-90.02297,C2,9.7695,51.1500015
662,48.2601,-90.01782,M1,42.8215,103.6985016
663,48.43802,-90.01266,M1,13.0295,125.3270035
664,48.61311,-90.00752,C2,24.689,149.9259949
665,48.76491,-90.00303,C1,23.668,95.1289978
666,48.0813,-89.97703,C2,9.8075,61.6259995
667,48.2601,-89.98218,M1,39.829,108.0139999
668,48.43802,-89.98734,M1,26.719,104.5435028
669,48.61311,-89.99248,C2,25.346,112.9140015
670,48.76491,-89.99697,C1,18.241,82.8669968
671,47.9522,-89.87967,O1,0,5.7010002
672,48.08867,-89.82013,M1,34.943,105.0868988
673,48.26839,-89.83002,M1,57.445,106.7565002
674,48.4481,-89.84,M1,50.875,129.6329956
675,48.6278,-89.85007,M1,26.5908,113.7563019
676,48.80747,-89.86019,M1,25.7785,123.7275009
677,48.98667,-89.86699,M1,29.3173,175.5238953
678,49.16647,-89.87194,C2,26.2862,193.8103943
679,49.34625,-89.87693,C2,23.8955,175.0411987
680,49.52603,-89.88197,C2,27.8758,194.8945007
681,49.7058,-89.88707,C4,48.624,213.763504
682,49.88556,-89.89221,C4,16.8845,199.4385071
683,50.06531,-89.89741,C2,19.3927,199.3778992
684,50.24504,-89.90266,C2,36.8935,223.6047974
685,50.42477,-89.90796,C2,44.1608,235.4465027
686,50.60448,-89.91332,C2,27.003,211.3421936
687,50.78418,-89.91873,C2,29.3435,220.7539063
688,50.96387,-89.92419,C2,56.8432,229.8513947
689,51.14381,-89.92945,C2,41.54,233.5420074
690,51.32317,-89.93529,C2,33.948,246.9649963
691,51.50278,-89.94093,C2,42.213,258.8460083
692,51.68235,-89.94662,C1,48.0025,244.9934998
693,51.86187,-89.95238,C1,58.0925,284.7374878
694,52.04133,-89.95819,C1,45.843,234.5955048
695,52.22069,-89.96405,C1,44.4905,269.2355042
696,52.39989,-89.96998,C1,44.2135,262.9454956
697,52.57881,-89.97596,O1,39.4835,164.4985046
698,52.75719,-89.98198,C2,40.402,236.7220001
699,52.93413,-89.98801,C2,37.452,256.1090088
700,53.10479,-89.9939,C2,39.4465,247.3464966
701,53.23439,-89.9984,C1,33.578,224.647995
702,47.9586,-89.6121,O1,0,1.341
703,48.09494,-89.55184,M1,53.366,102.4744034
704,48.2747,-89.56079,M1,55.8875,85.8684006
705,48.45445,-89.56982,M1,43.7218,87.1530991
706,48.6342,-89.57894,C1,7.3262,57.5606995
707,48.81394,-89.58815,M1,19.9008,108.6351013
708,48.99367,-89.59746,M1,32.0772,175.7420044
709,49.17339,-89.60685,M1,30.292,169.5681
710,49.35311,-89.61634,C2,35.4485,207.9268951
711,49.53282,-89.62593,C2,25.501,195.5498047
712,49.71252,-89.63561,C4,37.2005,187.2911072
713,49.89222,-89.64539,C4,37.5413,201.4228058
714,50.07191,-89.65527,C2,27.908,210.5778961
715,50.25159,-89.66525,C2,26.2223,223.4463043
716,50.43126,-89.67533,C1,31.2482,210.9902954
717,50.61093,-89.68551,C4,33.29,223.6293945
718,50.79059,-89.6958,C4,23.7172,221.8605957
719,50.97025,-89.7062,C2,46.7227,235.9421997
720,51.14989,-89.7167,C2,34.199,229.3110046
721,51.32953,-89.72731,C2,43.944,257.3673096
722,51.50917,-89.73803,C2,38.2482,265.3031921
723,51.68879,-89.74886,C1,38.2198,231.6909943
724,51.86841,-89.7598,C1,46.9563,259.6581116
725,52.04802,-89.77086,C1,41.1462,262.1028137
726,52.22763,-89.78204,C4,44.2947,271.0823975
727,52.40722,-89.79333,C1,45.6497,258.9385071
728,52.58681,-89.80474,C2,30.075,205.9470062
729,52.76639,-89.81628,C2,39.962,228.2095947
730,52.94597,-89.82794,C2,26.1967,193.4969025
731,53.12554,-89.83972,C2,23.223,205.6766052
732,53.3047,-89.8504,C1,47.9263,237.3040009
733,53.48416,-89.85656,C1,55.1707,248.7088928
734,53.66383,-89.86232,C1,34.4123,138.2532043
735,53.84349,-89.86814,C1,32.9023,138.8992004
736,54.02314,-89.87403,C1,65.0002,243.9031982
737,54.20279,-89.87999,C1,62.7985,256.6199036
738,54.38242,-89.88601,C1,63.7667,233.5010071
750,48.11513,-89.30645,M1,19.4393,36.1917
751,48.28039,-89.29147,M1,37.3207,63.6118011
752,48.46017,-89.29955,M1,35.4685,88.8799973
753,48.63996,-89.30772,M1,32.8072,95.7058029
754,48.81973,-89.31596,M1,38.7358,139.2512054
755,48.9995,-89.32429,C2,20.4815,130.2098999
756,49.17926,-89.3327,C2,26.1692,130.8751068
757,49.35901,-89.34119,C2,32.819,165.5534058
758,49.53876,-89.34978,C2,26.4033,167.9346008
759,49.7185,-89.35844,C2,24.2278,172.8211975
760,49.89824,-89.3672,M1,27.388,140.9311066
761,50.07796,-89.37604,M1,23.0095,185.1105957
762,50.25768,-89.38497,C3,30.7523,188.3450012
763,50.4374,-89.39399,C4,22.0957,202.5198059
764,50.6171,-89.40311,C2,34.2557,216.8171997
765,50.7968,-89.41232,C2,40.4357,218.3560944
766,50.9765,-89.42162,C2,54.3285,254.2913971
767,51.15618,-89.43102,C2,48.3383,266.4919128
768,51.33586,-89.44052,C2,44.5547,257.7001953
769,51.51554,-89.45011,C1,47.1593,268.3074036
770,51.6952,-89.45981,C1,41.487,238.2828064
771,51.87486,-89.46961,C1,38.4162,259.4151001
772,52.05452,-89.4795,C1,44.2865,252.6257935
773,52.23416,-89.48951,C1,54.7815,272.9136047
774,52.4138,-89.49962,C2,45.7245,259.7431946
775,52.59343,-89.50983,C2,37.3995,252.1947937
776,52.77306,-89.52016,C2,30.6187,196.5688934
777,52.95268,-89.53059,C2,28.7225,166.1338043
778,53.13229,-89.54114,O1,30.8433,142.1638947
779,53.31189,-89.5518,C1,33.847,176.9600983
780,53.49149,-89.56258,C1,43.9232,239.544693
781,53.67108,-89.57347,C1,50.1897,221.2644958
782,53.85066,-89.58448,C1,53.8538,225.603302
783,54.03024,-89.59561,C1,66.9785,257.5690002
784,54.20981,-89.60686,C1,78.4385,274.2271118
785,54.38937,-89.61824,C1,72.8905,272.9356995
799,48.51018,-89.03099,M1,18.3613,31.1861
800,48.64507,-89.03641,M1,63.273,124.9925995
801,48.82488,-89.04369,M1,38.223,162.5063019
802,49.00468,-89.05104,C2,21.6157,119.1694031
803,49.18447,-89.05846,C2,18.7068,135.9774933
804,49.36426,-89.06596,C1,29.1795,184.988205
805,49.54404,-89.07353,C2,25.6073,126.5291977
806,49.72382,-89.08118,C2,11.5093,58.1222
807,49.90358,-89.08891,S1,8.4145,76.9847031
808,50.08335,-89.09672,C2,18.2605,105.4262009
809,50.2631,-89.1046,M1,25.9813,158.9759979
810,50.44285,-89.11256,C2,27.8735,164.6414032
811,50.62259,-89.12061,C2,41.6563,211.9228973
812,50.80233,-89.12874,C2,43.2575,186.8305054
813,50.98206,-89.13695,C2,42.9775,237.1156006
814,51.16178,-89.14525,C1,38.446,255.6419067
815,51.34149,-89.15363,C1,40.2802,253.1475983
816,51.5212,-89.1621,C1,45.0583,251.2673035
817,51.7009,-89.17066,C1,47.256,259.4512939
818,51.8806,-89.17931,C1,41.3035,268.6712036
819,52.06029,-89.18804,C2,28.032,199.1199036
820,52.23997,-89.19687,C1,40.298,243.3992004
821,52.41965,-89.2058,C2,40.8855,257.0422058
822,52.59932,-89.21482,C2,32.3788,223.5424957
823,52.77898,-89.22393,C2,28.3648,207.6638031
824,52.95864,-89.23314,C2,16.3777,97.6174011
825,53.13829,-89.24245,C1,49.6095,223.837204
826,53.31793,-89.25186,C1,45.5345,219.8659058
827,53.49757,-89.26137,C4,43.9705,219.2648926
828,53.6772,-89.27099,C1,53.1797,255.2982941
829,53.85682,-89.2807,C1,46.6885,199.1306
830,54.03644,-89.29053,C1,64.1735,262.6087952
831,54.21605,-89.30046,C1,73.5905,261.3037109
846,48.33479,-88.75414,O1,0.006,17.7929993
847,48.46971,-88.75879,C2,11.0455,59.3012009
848,48.64955,-88.76503,M1,62.8123,105.7776031
849,48.82939,-88.77134,M1,51.5787,134.9674072
850,49.00922,-88.77772,C2,18.0985,106.844902
851,49.18904,-88.78415,C2,37.4395,153.9837952
852,49.36886,-88.79065,C2,15.1155,70.3246002
853,49.54867,-88.79722,C2,5.601,32.8577995
854,49.72847,-88.80385,O1,0,3.8587999
855,49.90827,-88.81055,O1,0.0338,14.3944998
856,50.08806,-88.81731,C2,10.0005,35.2695999
857,50.26784,-88.82415,C2,33.2007,189.1107025
858,50.44762,-88.83105,C3,27.5835,190.2792053
859,50.62739,-88.83803,C2,53.0775,218.7080994
860,50.80716,-88.84508,C2,51.1808,226.2525024
861,50.98692,-88.8522,C2,30.8255,204.9235992
862,51.16667,-88.85939,C2,48.377,210.2850952
863,51.34642,-88.86666,C2,56.9792,225.5957031
864,51.52616,-88.874,C2,29.2762,201.5579071
865,51.70589,-88.88142,C1,36.3792,235.258194
866,51.88562,-88.88892,C1,48.9495,261.7843018
867,52.06534,-88.89649,C1,33.1488,216.8132935
868,52.24506,-88.90415,C1,27.2665,149.5372925
869,52.42477,-88.91188,C1,26.4297,138.3079987
870,52.60447,-88.9197,C2,32.7418,208.990097
871,52.78417,-88.9276,C2,52.2425,237.4288025
872,52.96386,-88.93559,C2,33.257,156.5859985
873,53.14354,-88.94366,C1,32.9097,174.3731995
874,53.32322,-88.95182,C1,34.8985,163.3993073
875,53.50289,-88.96006,C1,36.4198,202.6663971
876,53.68256,-88.9684,C1,54.658,231.4378967
877,53.86222,-88.97683,C1,60.7755,253.3881073
878,54.04187,-88.98534,C1,61.634,266.7427063
895,48.33772,-88.55182,O1,0,1.995
896,48.47353,-88.48831,C2,6.9093,35.0657005
897,48.65339,-88.4936,C2,11.808,56.2374992
898,48.83325,-88.49894,C2,8.696,75.7165985
899,49.01311,-88.50433,C2,12.9863,85.4747009
900,49.19295,-88.50978,C2,23.4213,90.0645981
901,49.37279,-88.51528,C2,18.7527,67.3703995
902,49.55263,-88.52083,O1,0.0265,21.9960003
903,49.73246,-88.52645,O1,0.0498,14.4224005
904,49.91228,-88.53212,M1,7.305,13.1115999
905,50.0921,-88.53784,M1,15.7385,19.9825993
906,50.27191,-88.54363,C2,38.692,137.8798065
907,50.45171,-88.54947,C2,29.0268,202.8433075
908,50.63151,-88.55538,C2,40.5965,218.5119019
909,50.8113,-88.56134,C2,31.419,183.7911987
910,50.99109,-88.56737,C2,44.612,212.1947021
911,51.17087,-88.57346,C2,66.0765,239.3601074
912,51.35064,-88.57961,C2,66.4195,248.6374969
913,51.53041,-88.58582,C2,33.6153,184.3482971
914,51.71017,-88.5921,C1,39.4225,245.6233978
915,51.88993,-88.59845,C1,39.75,243.2350006
916,52.06968,-88.60486,C4,26.8545,250.1929932
917,52.24942,-88.61134,C2,43.2695,255.9017029
918,52.42916,-88.61789,C1,56.9563,273.3084106
919,52.60889,-88.6245,C1,53.7415,256.2738037
920,52.78862,-88.63119,C2,28.9618,186.3166962
921,52.96833,-88.63795,C2,21.6155,160.5713959
922,53.14805,-88.64478,C1,35.3133,204.3621979
923,53.32776,-88.65169,C1,40.4603,259.1362915
924,53.50746,-88.65867,C1,43.8787,205.0238953
925,53.68715,-88.66572,C1,41.605,207.1188049
926,53.86684,-88.67285,C1,56.23,257.8745117
927,54.04652,-88.68006,C1,59.981,266.4197998
944,48.52093,-88.28655,M1,9.547,12.6000004
945,48.65659,-88.2221,C2,6.0562,32.5662003
946,48.83647,-88.22647,C2,20.9477,111.3066025
947,49.01635,-88.23089,C2,14.81,84.3520966
948,49.19622,-88.23535,C2,18.5355,110.8320999
949,49.37608,-88.23985,C1,11.143,86.3492966
950,49.55593,-88.2444,O1,0.0005,15.3935003
951,49.73578,-88.24899,O1,0,7.8520002
952,49.91563,-88.25363,M1,5.3942,17.8176003
953,50.09546,-88.25832,C2,22.183,78.6718979
954,50.2753,-88.26305,C2,48.9855,174.7315063
955,50.45512,-88.26783,C2,31.8373,189.3712006
956,50.63494,-88.27266,C2,43.0495,164.8865967
957,50.81476,-88.27754,C2,37.8017,186.7740021
958,50.99456,-88.28248,C2,48.94,224.4120026
959,51.17437,-88.28746,C2,64.715,236.8777008
960,51.35416,-88.29249,C2,68.2048,248.4425049
961,51.53395,-88.29758,C2,40.5395,241.1307068
962,51.71374,-88.30272,C1,39.9485,255.321106
963,51.89352,-88.30791,C1,37.7892,259.5911865
964,52.07329,-88.31316,C2,47.0095,236.922699
965,52.25306,-88.31846,C2,21.628,181.8769073
966,52.43282,-88.32382,C1,48.8308,221.3448029
967,52.61257,-88.32923,C1,33.4757,222.7778015
968,52.79232,-88.33471,C1,40.9093,199.9165955
969,52.97206,-88.34024,C1,52.5643,209.6797943
970,53.1518,-88.34583,C1,52.4832,207.7911987
971,53.33153,-88.35148,C1,41.2398,242.2532043
972,53.51126,-88.35719,C1,54.4833,221.8209076
973,53.69098,-88.36297,C1,60.4698,246.9649963
974,53.87069,-88.36881,C1,53.409,262.9989929
975,54.0504,-88.37471,C1,83.8077,281.5056152
991,48.70409,-87.95141,M1,5.7235,30.7294998
992,48.83905,-87.95397,C2,5.3525,38.6257019
993,49.01894,-87.9574,C2,34.0268,132.0449982
994,49.19882,-87.96087,C2,44.2265,178.9512024
995,49.3787,-87.96437,C2,22.4503,86.6572037
996,49.55858,-87.96791,C2,20.6767,97.010498
997,49.73844,-87.97148,C2,24.8242,151.8222046
998,49.9183,-87.97509,C2,50.6603,181.0939026
999,50.09816,-87.97874,C2,50.8507,204.1622009
1000,50.27801,-87.98242,C2,42.768,181.7006073
1001,50.45785,-87.98614,C2,46.7025,210.1045074
1002,50.63769,-87.9899,C2,45.7043,226.6296997
1003,50.81752,-87.9937,C2,41.1902,214.1027985
1004,50.99734,-87.99753,C2,40.223,191.6880951
1005,51.17716,-88.00141,C2,58.5405,219.8457947
1006,51.35698,-88.00533,C2,67.289,234.3034058
1007,51.53679,-88.00928,C2,38.4008,222.3195953
1008,51.71659,-88.01328,C1,46.3175,250.9087982
1009,51.89639,-88.01732,C1,40.896,246.0980988
1010,52.07618,-88.0214,C2,30.3128,242.661499
1011,52.25596,-88.02553,C2,18.0535,137.0859985
1012,52.43574,-88.0297,M1,27.4027,147.6445007
1013,52.61552,-88.03391,C1,27.7407,163.8672943
1014,52.79529,-88.03817,C1,39.5603,208.1343994
1015,52.97505,-88.04247,C1,24.2838,172.4539032
1016,53.15481,-88.04682,C1,43.683,185.9929047
1017,53.33456,-88.05122,C1,45.3383,207.5289001
1018,53.5143,-88.05566,C1,57.2448,195.8105927
1019,53.69404,-88.06015,C1,66.7952,249.5681
1020,53.87378,-88.06469,C1,73.6018,285.5383911
1021,54.0535,-88.06928,C1,91.208,284.0877991
1036,48.70561,-87.74756,O1,0,3.4330001
1037,48.84098,-87.68143,C2,8.0275,53.487999
1038,49.02089,-87.68388,C2,47.905,162.9586945
1039,49.20078,-87.68636,C2,48.0448,193.7664032
1040,49.38067,-87.68886,C2,30.7785,135.5028076
1041,49.56056,-87.69139,C2,33.7998,186.8045044
1042,49.74044,-87.69394,C2,23.3523,163.9029999
1043,49.92031,-87.69652,C2,50.861,235.2891998
1044,50.10018,-87.69913,C2,49.398,237.5923004
1045,50.28004,-87.70176,C2,57.3222,220.638504
1046,50.4599,-87.70441,C2,49.1093,220.8430023
1047,50.63975,-87.7071,C2,55.773,224.2100067
1048,50.81959,-87.70981,C2,43.4225,223.0348053
1049,50.99943,-87.71255,C2,46.8845,216.0982056
1050,51.17926,-87.71532,C2,49.436,212.6746063
1051,51.35909,-87.71812,C2,53.181,234.0218048
1052,51.53891,-87.72095,C2,31.6863,238.7984924
1053,51.71873,-87.7238,C1,53.1867,251.4844055
1054,51.89854,-87.72669,C4,37.0135,277.3425903
1055,52.07835,-87.7296,C4,29.615,226.7136993
1056,52.25815,-87.73255,C2,18.7465,151.014801
1057,52.43794,-87.73553,C2,23.787,157.0182953
1058,52.61773,-87.73854,C2,24.9428,196.9210052
1059,52.79751,-87.74158,C4,31.7365,208.9611969
1060,52.97729,-87.74465,C4,33.1022,183.0003052
1061,53.15706,-87.74776,C1,44.4798,217.1316071
1062,53.33682,-87.7509,C4,34.7115,223.1027069
1063,53.51659,-87.75408,C1,70.7082,243.5867004
1064,53.69634,-87.75729,C1,81.386,262.8284912
1065,53.87609,-87.76053,C1,74.9017,280.8771057
1066,54.05583,-87.76381,C1,92.8695,281.8768921
1080,48.84227,-87.40887,C2,6.7043,29.2665997
1081,49.02218,-87.41034,C2,35.419,113.2427979
1082,49.20209,-87.41183,C2,45.4003,184.6065979
1083,49.38199,-87.41333,C2,31.671,189.7200012
1084,49.56188,-87.41484,C2,41.8242,215.6824036
1085,49.74177,-87.41638,C2,29.9053,187.9752045
1086,49.92165,-87.41792,C2,44.3197,199.0661926
1087,50.10152,-87.41949,C2,57.1055,209.3430939
1088,50.2814,-87.42106,C2,53.77,228.9806061
1089,50.46126,-87.42266,C2,39.543,172.9064941
1090,50.64112,-87.42427,C2,60.6913,218.0713043
1091,50.82097,-87.4259,C2,56.8975,250.2460938
1092,51.00082,-87.42754,C2,53.117,237.1775055
1093,51.18066,-87.4292,C2,65.115,222.9492035
1094,51.3605,-87.43088,C2,48.8933,271.4854126
1095,51.54033,-87.43258,C1,38.551,278.1890869
1096,51.72016,-87.43429,C1,50.4203,265.9895935
1097,51.89998,-87.43602,C1,43.2265,276.0466919
1098,52.07979,-87.43777,C1,44.2928,237.489502
1099,52.2596,-87.43954,C2,25.3717,139.6161957
1100,52.4394,-87.44133,C1,30.441,163.2245026
1101,52.6192,-87.44314,C2,30.0425,206.5747986
1102,52.79899,-87.44496,C4,20.8997,200.4515991
1103,52.97878,-87.44681,C4,37.747,160.0198975
1104,53.15856,-87.44867,C4,42.33,222.3708038
1105,53.33834,-87.45056,C4,35.196,242.001297
1106,53.51811,-87.45246,C1,79.3413,271.6185913
1107,53.69787,-87.45439,C1,91.7977,285.5176086
1108,53.87763,-87.45633,C1,60.0125,277.1568909
1109,54.05738,-87.4583,C1,89.9278,278.1281128
1121,48.84292,-87.13629,C2,10.511,57.2294998
1122,49.02283,-87.13678,C2,24.0038,114.4003983
1123,49.20274,-87.13728,C2,34.6208,173.5657043
1124,49.38264,-87.13778,C2,29.3513,174.0933075
1125,49.56254,-87.13828,C2,41.9542,206.6387024
1126,49.74243,-87.13879,C2,32.7467,186.5630035
1127,49.92232,-87.13931,C2,27.4513,179.134903
1128,50.1022,-87.13983,C2,49.1025,200.5617981
1129,50.28207,-87.14036,C2,42.9698,201.2187042
1130,50.46194,-87.14089,C2,39.5525,194.3018951
1131,50.64181,-87.14143,C2,52.8462,229.2035065
1132,50.82166,-87.14197,C2,51.1433,179.8695068
1133,51.00152,-87.14252,C2,35.9105,237.6390991
1134,51.18136,-87.14307,C2,46.9498,269.8951111
1135,51.3612,-87.14363,C2,55.1703,217.6291962
1136,51.54104,-87.1442,C2,46.5893,257.4740906
1137,51.72087,-87.14477,C1,46.7022,286.3251953
1138,51.90069,-87.14534,C1,57.3235,265.1994934
1139,52.08051,-87.14593,C2,36.869,242.3097992
1140,52.26033,-87.14652,C2,35.8158,227.661499
1141,52.44014,-87.14711,C1,42.4763,193.3455963
1142,52.61994,-87.14771,C1,54.5478,235.8291016
1143,52.79973,-87.14832,C1,54.86,247.5467072
1144,52.97953,-87.14894,C1,56.8388,239.7059937
1145,53.15931,-87.14956,C1,72.9575,276.0497131
1146,53.33909,-87.15019,C1,84.9483,279.5678101
1147,53.51887,-87.15082,C1,88.3257,278.8442993
1148,53.69864,-87.15146,C1,66.6255,273.7307129
1149,53.8784,-87.15211,C1,49.0558,274.6839905
1150,54.05816,-87.15277,C1,72.1097,252.558197
1162,48.70794,-86.86407,O1,0,0.7955
1163,48.84292,-86.86371,C2,10.2467,43.1245995
1164,49.02283,-86.86322,C2,24.6785,109.5774002
1165,49.20274,-86.86272,C2,24.043,136.8132019
1166,49.38264,-86.86222,C2,34.6987,193.6475983
1167,49.56254,-86.86172,C2,43.6428,183.0328979
1168,49.74243,-86.86121,C2,42.3003,184.4268951
1169,49.92232,-86.86069,C2,25.8257,191.1752014
1170,50.1022,-86.86017,C2,31.3103,178.1994019
1171,50.28207,-86.85964,C2,26.5137,153.8670959
1172,50.46194,-86.85911,C2,52.348,226.5229034
1173,50.64181,-86.85857,C2,44.8647,212.471405
1174,50.82166,-86.85803,C2,63.7775,230.7541046
1175,51.00152,-86.85748,C4,36.8837,254.5843964
1176,51.18136,-86.85693,C2,48.0223,258.8851013
1177,51.3612,-86.85637,C2,62.505,262.2669067
1178,51.54104,-86.8558,C2,57.2512,286.2477112
1179,51.72087,-86.85523,C1,51.0203,281.5675964
1180,51.90069,-86.85466,C2,47.471,272.598999
1181,52.08051,-86.85407,C2,48.8233,263.9988098
1182,52.26033,-86.85348,C1,46.351,265.8742065
1183,52.44014,-86.85289,C1,58.5988,276.3471069
1184,52.61994,-86.85229,C1,62.3143,264.2374878
1185,52.79973,-86.85168,C1,63.9733,265.1673889
1186,52.97953,-86.85106,C1,68.683,273.4236145
1187,53.15931,-86.85044,C1,81.63,286.6622009
1188,53.33909,-86.84981,C1,83.9572,270.7468872
1189,53.51887,-86.84918,C1,87.8565,273.6929932
1190,53.69864,-86.84854,C1,54.0305,246.8294067
1191,53.8784,-86.84789,C1,66.6942,250.8246002
1192,54.05816,-86.84723,C1,78.3307,257.1741943
1203,48.7073,-86.59223,O1,0,8.0340004
1204,48.84227,-86.59113,C2,15.971,63.4528008
1205,49.02218,-86.58966,C2,27.065,138.798996
1206,49.20209,-86.58817,C2,26.8342,106.1327972
1207,49.38199,-86.58667,C2,43.7545,198.8390045
1208,49.56188,-86.58516,C2,33.423,161.8406982
1209,49.74177,-86.58362,C2,48.1507,197.4996033
1210,49.92165,-86.58208,C2,40.7878,198.7776947
1211,50.10152,-86.58051,C2,43.28,199.3903046
1212,50.2814,-86.57894,C2,30.3423,193.3173981
1213,50.46126,-86.57734,C2,52.7155,226.2870941
1214,50.64112,-86.57573,C2,58.2477,220.8244019
1215,50.82097,-86.5741,C2,70.973,244.0601959
1216,51.00082,-86.57246,C4,44.8558,256.5867004
1217,51.18066,-86.5708,C2,59.6947,285.6116028
1218,51.3605,-86.56912,C2,70.3495,290.3002014
1219,51.54033,-86.56742,C2,49.2212,274.0602112
1220,51.72016,-86.56571,C2,52.1748,288.5057983
1221,51.89998,-86.56398,C1,59.7685,283.2088928
1222,52.07979,-86.56223,C2,46.5298,267.8995056
1223,52.2596,-86.56046,C1,58.7085,267.1925964
1224,52.4394,-86.55867,C1,60.649,254.6443939
1225,52.6192,-86.55686,C1,76.6767,286.6524048
1226,52.79899,-86.55504,C1,75.2442,285.1514893
1227,52.97878,-86.55319,C1,87.2742,282.7966003
1228,53.15856,-86.55133,C1,87.1983,273.5169983
1229,53.33834,-86.54944,C1,86.1697,266.6853943
1230,53.51811,-86.54754,C1,72.1295,241.9750977
1231,53.69787,-86.54561,C1,55.2163,211.290802
1232,53.87763,-86.54367,C1,61.8922,208.6535034
1233,54.05738,-86.5417,C1,74.0103,235.5005951
1246,48.66108,-86.321,M1,37.2068,80.0994034
1247,48.84098,-86.31857,C2,9.57,54.5932999
1248,49.02089,-86.31612,C2,24.594,146.5041962
1249,49.20078,-86.31364,C2,23.0027,105.6984024
1251,49.56056,-86.30861,C2,32.9545,170.1325073
1252,49.74044,-86.30606,C2,31.9663,201.2519073
1253,49.92031,-86.30348,C2,26.1493,179.3574066
1254,50.10018,-86.30087,C2,45.9643,220.0041046
1255,50.28004,-86.29824,C2,55.3967,226.3014984
1256,50.4599,-86.29559,C2,62.3365,244.8450928
1257,50.63975,-86.2929,C2,71.5328,246.2501068
1258,50.81959,-86.29019,C2,69.684,262.611908
1259,50.99943,-86.28745,C2,45.167,276.2969971
1260,51.17926,-86.28468,C2,59.4955,283.6564026
1261,51.35909,-86.28188,C2,51.5155,287.1115112
1262,51.53891,-86.27905,C1,50.5665,273.0723877
1263,51.71873,-86.2762,C2,41.6358,263.0664978
1264,51.89854,-86.27331,C1,47.214,265.4168091
1265,52.07835,-86.2704,C1,56.8633,264.8705139
1266,52.25815,-86.26745,C1,52.729,258.2778931
1267,52.43794,-86.26447,C1,54.153,257.9179077
1268,52.61773,-86.26146,C1,56.445,274.1379089
1269,52.79751,-86.25842,C1,71.7128,280.1890869
1270,52.97729,-86.25535,C1,75.2138,265.4783936
1271,53.15706,-86.25224,C1,76.0592,265.7125854
1272,53.33682,-86.2491,C1,56.1092,216.5997925
1273,53.51659,-86.24592,C1,55.1195,219.6076965
1274,53.69634,-86.24271,C1,71.6693,228.6622925
1275,53.87609,-86.23947,C1,67.524,221.3421021
1276,54.05583,-86.23619,C1,70.9497,223.0590973
1289,48.65916,-86.04943,M1,48.7468,140.584198
1290,48.83905,-86.04603,M1,24.5293,140.4501953
1295,49.73844,-86.02852,C2,31.7658,172.0917969
1296,49.9183,-86.02491,C2,31.5217,205.8457031
1297,50.09816,-86.02126,C2,70.3107,242.8473969
1298,50.27801,-86.01758,C2,83.6988,261.3183899
1299,50.45785,-86.01386,C2,71.5943,262.7556152
1300,50.63769,-86.0101,C2,68.0635,268.4465027
1301,50.81752,-86.0063,C2,71.6467,279.9139099
1302,50.99734,-86.00247,C2,54.8585,273.5823059
1303,51.17716,-85.99859,C2,46.5182,258.8413086
1304,51.35698,-85.99467,C1,65.19,277.1062012
1305,51.53679,-85.99072,C1,52.5485,274.6379089
1306,51.71659,-85.98672,C2,42.8445,258.5190125
1307,51.89639,-85.98268,C1,55.7498,263.9689941
1308,52.07618,-85.9786,C1,61.4745,251.6101074
1309,52.25596,-85.97447,C1,69.0547,267.0498047
1310,52.43574,-85.9703,C1,67.2865,273.0112
1311,52.61552,-85.96609,C1,65.793,264.1713867
1312,52.79529,-85.96183,C1,63.6345,243.2003021
1313,52.97505,-85.95753,C1,52.8485,228.7613068
1314,53.15481,-85.95318,C1,49.3773,230.1569061
1315,53.33456,-85.94878,C1,41.6155,210.7142029
1316,53.5143,-85.94434,C1,50.4797,222.7749939
1317,53.69404,-85.93985,C1,76.0365,252.9911041
1318,53.87378,-85.93531,C1,75.6808,249.8209991
1319,54.0535,-85.93072,C1,77.644,251.2743073
1339,49.73578,-85.75101,C2,37.047,195.1622925
1340,49.91563,-85.74637,C2,65.6192,225.313797
1341,50.09546,-85.74168,C2,80.6235,261.0126038
1342,50.2753,-85.73695,C2,82.3243,276.8811035
1343,50.45512,-85.73217,C2,64.9698,266.8695068
1344,50.63494,-85.72734,C2,58.5362,255.2042999
1345,50.81476,-85.72246,C2,59.8762,266.8664856
1346,50.99456,-85.71752,C1,52.1988,271.7319031
1347,51.17437,-85.71254,C1,56.431,259.5100098
1348,51.35416,-85.70751,C1,53.828,273.3352051
1349,51.53395,-85.70242,C1,51.5343,225.0433044
1350,51.71374,-85.69728,C1,63.1635,273.2322998
1351,51.89352,-85.69209,C1,73.6942,279.9808044
1352,52.07329,-85.68684,C1,71.0185,275.2554016
1353,52.25306,-85.68154,C1,65.0685,254.0807953
1354,52.43282,-85.67618,C1,78.7387,273.7442017
1355,52.61257,-85.67077,C1,72.003,268.7578125
1356,52.79232,-85.66529,C1,63.993,259.3862
1357,52.97206,-85.65976,C1,48.9295,251.5809021
1358,53.1518,-85.65417,C2,49.827,256.1575928
1359,53.33153,-85.64852,C2,32.2552,198.1838074
1360,53.51126,-85.64281,C1,60.6602,230.0964966
1361,53.69098,-85.63703,C1,73.7328,244.4109955
1362,53.87069,-85.63119,C1,69.592,231.2017975
1363,54.0504,-85.62529,C1,70.6055,243.1403961
1383,49.73246,-85.47355,C2,41.8257,188.9418945
1384,49.91228,-85.46788,C2,73.2625,253.3630066
1385,50.0921,-85.46216,C2,90.6475,283.8998108
1386,50.27191,-85.45637,C2,61.4265,264.4768066
1387,50.45171,-85.45053,C2,39.1545,225.4347992
1388,50.63151,-85.44462,C2,54.9082,272.2481995
1389,50.8113,-85.43866,C2,42.216,264.1919861
1390,50.99109,-85.43263,C1,52.9003,269.104187
1391,51.17087,-85.42654,C1,50.125,270.5929871
1392,51.35064,-85.42039,C2,59.9998,275.8222046
1393,51.53041,-85.41418,C1,64.57,246.5818024
1394,51.71017,-85.4079,C1,70.3015,280.1499023
1395,51.88993,-85.40155,C1,62.9945,263.0332031
1396,52.06968,-85.39514,C1,69.1387,270.8551025
1397,52.24942,-85.38866,C1,64.0102,243.6912994
1398,52.42916,-85.38211,C1,66.5888,231.2406006
1399,52.60889,-85.3755,C1,63.1082,242.4299927
1400,52.78862,-85.36881,C2,40.6852,239.2205963
1401,52.96833,-85.36205,C2,51.001,233.2821045
1402,53.14805,-85.35522,C1,49.6395,209.732605
1403,53.32776,-85.34831,C1,52.2188,177.8171997
1404,53.50746,-85.34133,C1,69.1478,229.8531036
1405,53.68715,-85.33428,C1,64.8452,248.577301
1406,53.86684,-85.32715,C1,60.4042,246.9638062
1407,54.04652,-85.31994,C1,73.873,244.2104034
1426,49.72847,-85.19615,C2,43.3687,191.2937012
1427,49.90827,-85.18945,C2,44.7158,227.946106
1428,50.08806,-85.18269,C2,68.7258,262.7078857
1429,50.26784,-85.17585,C2,58.6458,265.8356934
